
TRARTEH128F423DBC1 61.0 [0.031001246, 0.12928426, 0.17718337, 0.2307994, 0.43173167]
TRIYKXW128F92FDF08 32.0 [0.023125626, 0.19548671, 0.21182476, 0.40291238, 0.16665049]
TREZMVA128F428CEC6 24.0 [0.023304032, 0.17568985, 0.13394362, 0.58234257, 0.08471995]
TRKARMP128E0780D7C 12.0 [0.032712337, 0.41958392, 0.2079692, 0.19847485, 0.14125974]
TRIYSNE128F92F8FB5 10.0 [0.030667435, 0.41328496, 0.17835976, 0.2787204, 0.09896744]
TRFLVKB128F147CC69 6.0 [0.6066949, 0.11285472, 0.13802038, 0.06385752, 0.07857247]



2 TRFNNFP128F146CB4B 75.0 [0.020889895, 0.12214619, 0.17049652, 0.10765551, 0.5788119]
3 TRXTAPY12903CE8450 13.0 [0.031317234, 0.47963694, 0.16645825, 0.22559254, 0.09699498]
4 TRHDWRL128E079533D 6.0 [0.747688, 0.0521083, 0.109898314, 0.043340284, 0.046965085]
1 TRQGFHN128F428643E 5.0 [0.6580578, 0.08262518, 0.08458169, 0.10044827, 0.074287094]
0 TRTVXIH128F426625A 3.0 [0.6783873, 0.08918779, 0.12002261, 0.08005587, 0.03234645]
5 TREXCGQ128E0786348 3.0 [0.42760685, 0.24777263, 0.062239774, 0.15089773, 0.11148315]


4 TRADYXQ128F14655F1 123.0 [0.15801473, 0.10602839, 0.11158532, 0.14275059, 0.48162094]
0 TRQRFHK128E0782B0F 22.0 [0.024639074, 0.22089691, 0.2251499, 0.42022547, 0.10908861]
1 TRIYOKK128F427EAE5 6.0 [0.47055152, 0.1547898, 0.088591725, 0.23148502, 0.054581944]
2 TRENWLP128F92EB744 6.0 [0.47060522, 0.23298079, 0.15135306, 0.08744556, 0.057615384]
3 TRCMUDX128F4287E43 3.0 [0.68052137, 0.092827655, 0.06563104, 0.0920418, 0.06897822]
5 TRRUAAR128F421CE5B 2.0 [0.6733581, 0.11765513, 0.06998973, 0.08305108, 0.055945963]


3 TRUOCWY128F427B6F5 162.0 [0.008735138, 0.051414788, 0.06529535, 0.047553614, 0.82700104]
2 TREZMVA128F428CEC6 24.0 [0.023304032, 0.17568985, 0.13394362, 0.58234257, 0.08471995]
1 TRJHRCN128F4260D26 16.0 [0.024536725, 0.13809305, 0.50599056, 0.26442254, 0.06695706]
5 TRYGGLU128F14979AC 10.0 [0.023332026, 0.44955084, 0.2630553, 0.18832262, 0.07573918]
4 TRFLVKB128F147CC69 6.0 [0.6066949, 0.11285472, 0.13802038, 0.06385752, 0.07857247]
0 TRQGFHN128F428643E 5.0 [0.6580578, 0.08262518, 0.08458169, 0.10044827, 0.074287094]

+-------+--------------------+-----------+---------------------------------------------------------------+
| Index |      Track ID      | Playcount |                    Predicted Probabilities                    |
+-------+--------------------+-----------+---------------------------------------------------------------+
|   1   | TRDSPFR128F1468D94 |   175.0   | [0.15697552, 0.078234635, 0.065044664, 0.06946068, 0.6302845] |
|   0   | TRAAXOW128F931C2DC |   123.0   | [0.16469866, 0.11534061, 0.07632572, 0.09986484, 0.54377013]  |
|   4   | TRKQTTP128EF34337D |   81.0    |  [0.1043731, 0.26974866, 0.08630175, 0.09227173, 0.44730476]  |
|   2   | TRLJSMT128E0780D7D |   16.0    | [0.023341613, 0.17365484, 0.41596538, 0.2559785, 0.13105969]  |
|   5   | TRHDWRL128E079533D |    6.0    | [0.747688, 0.0521083, 0.109898314, 0.043340284, 0.046965085]  |
|   3   | TRWFRIS128F42B3232 |    4.0    | [0.4706635, 0.22144996, 0.115244776, 0.080539964, 0.11210177] |
+-------+--------------------+-----------+---------------------------------------------------------------+

+-------+--------------------+-----------+---------------------------------------------------------------+
| Index |      Track ID      | Playcount |                    Predicted Probabilities                    |
+-------+--------------------+-----------+---------------------------------------------------------------+
|   4   | TRFNNFP128F146CB4B |   75.0    | [0.020889895, 0.12214619, 0.17049652, 0.10765551, 0.5788119]  |
|   5   | TRKARMP128E0780D7C |   12.0    | [0.032712337, 0.41958392, 0.2079692, 0.19847485, 0.14125974]  |
|   2   | TRBNZLU128F92E16AB |   11.0    | [0.018640395, 0.5142438, 0.23877439, 0.18391444, 0.044426966] |
|   1   | TRIYSNE128F92F8FB5 |   10.0    | [0.030667435, 0.41328496, 0.17835976, 0.2787204, 0.09896744]  |
|   0   | TRSDEXS128F4293B8C |    4.0    |  [0.5364113, 0.11559856, 0.12732606, 0.09511361, 0.12555045]  |
|   3   | TRNWLEN128F42626F9 |    4.0    | [0.5984639, 0.12974901, 0.060788136, 0.16476053, 0.046238437] |
+-------+--------------------+-----------+---------------------------------------------------------------+

+-------+--------------------+-----------+---------------------------------------------------------------+
| Index |      Track ID      | Playcount |                    Predicted Probabilities                    |
+-------+--------------------+-----------+---------------------------------------------------------------+
|   0   | TRWYFVU128F92C5766 |   77.0    | [0.1697791, 0.04642107, 0.076676816, 0.038146265, 0.6689768]  |
|   1   | TRARTEH128F423DBC1 |   61.0    | [0.031001246, 0.12928426, 0.17718337, 0.2307994, 0.43173167]  |
|   5   | TRGTEVO128F146A469 |   52.0    |  [0.18128997, 0.0567968, 0.1366343, 0.052146927, 0.57313204]  |
|   3   | TRVCRRO128F4294A1D |   11.0    | [0.021582244, 0.43157086, 0.12919395, 0.33003637, 0.08761666] |
|   2   | TRSDEXS128F4293B8C |    4.0    |  [0.5364113, 0.11559856, 0.12732606, 0.09511361, 0.12555045]  |
|   4   | TRCCPUL128F4285F96 |    3.0    | [0.43070123, 0.29188225, 0.1565359, 0.064852096, 0.056028564] |
+-------+--------------------+-----------+---------------------------------------------------------------+